10010011
00000010
01010000
00000000
00010011
10000011
01100010
11111111
10010011
00000011
00110011
00000000
00110011
00000000
01100010
10001110
10110011
00001110
01110011
01000000
10110011
10010010
01010010
00000000
10110011
11011111
11010011
00000001
00110011
11011111
11001110
01000001
10110011
11101110
01110011
00000000
00110011
01111110
11111111
00000001
10110011
11000011
01101110
00000000
00110011
00101111
01111110
00000000
00110011
10111111
11000011
00000001
00000000
00000000
00000000
00000000
